1.0
1.0
1.0
1.0
1.0
1.0
1.0
1.0
1.0
1.0
1.0
1.0
0.5
0.6666666666666666
1.0
1.0
0.75
0.8333333333333334
1.0
1.0
1.0
1.0
1.0
0.8
1.0
0.8
0.75
1.0
0.875
1.0
1.0
0.2857142857142857
1.0
1.0
1.0
0.5714285714285714
0.8333333333333334
0.625
1.0
1.0
1.0
1.0
1.0
0.8333333333333334
0.42857142857142855
0.6666666666666666
1.0
0.6666666666666666
1.0
1.0
0.25
1.0
1.0
0.75
1.0
0.8333333333333334
0.75
1.0
0.8
1.0
0.75
1.0
1.0
1.0
1.0
0.5
1.0
0.5
0.5
1.0
0.8
1.0
1.0
0.3333333333333333
1.0
1.0
0.625
1.0
1.0
1.0
0.25
0.3333333333333333
0.75
0.5
0.8
0.875
0.75
0.8
1.0
1.0
0.0
1.0
1.0
1.0
1.0
1.0
1.0
0.8571428571428571
1.0
0.3333333333333333
0.4
0.8
0.75
1.0
0.8
0.6666666666666666
0.7142857142857143
1.0
1.0
0.5714285714285714
0.8
0.8571428571428571
0.8571428571428571
1.0
1.0
0.75
1.0
1.0
1.0
1.0
0.75
1.0
1.0
0.6666666666666666
1.0
0.8333333333333334
0.8571428571428571
1.0
1.0
1.0
0.5714285714285714
1.0
0.8571428571428571
1.0
1.0
1.0
1.0
1.0
1.0
1.0
0.8
0.8
0.8333333333333334
1.0
0.6666666666666666
1.0
0.4
0.8
1.0
0.5
1.0
1.0
1.0
1.0
1.0
1.0
0.5714285714285714
0.8
1.0
1.0
0.625
1.0
0.42857142857142855
1.0
1.0
0.8571428571428571
0.6
0.5
0.75
0.75
0.6
1.0
1.0
1.0
1.0
0.8333333333333334
1.0
1.0
0.6666666666666666
1.0
0.8
1.0
1.0
1.0
0.8
1.0
1.0
0.8
0.8571428571428571
1.0
1.0
0.75
0.7142857142857143
1.0
1.0
1.0
1.0
1.0
1.0
0.3333333333333333
0.6666666666666666
1.0
1.0
1.0
1.0
1.0
1.0
1.0
1.0
1.0
1.0
1.0
1.0
0.75
1.0
1.0
0.8571428571428571
0.875
1.0
0.875
0.8571428571428571
1.0
0.8
0.42857142857142855
0.375
0.8333333333333334
0.875
0.875
0.7142857142857143
0.8333333333333334
0.75
0.8333333333333334
1.0
1.0
0.8
0.875
1.0
0.4
1.0
1.0
1.0
0.8571428571428571
0.8
0.8571428571428571
0.7142857142857143
0.6666666666666666
0.8571428571428571
1.0
1.0
1.0
1.0
1.0
0.8571428571428571
0.6666666666666666
0.75
0.6666666666666666
0.75
0.8
0.8
1.0
1.0
1.0
0.8
1.0
0.5
0.8
0.75
0.75
1.0
1.0
1.0
0.5
0.8333333333333334
1.0
1.0
0.6666666666666666
1.0
0.7142857142857143
1.0
0.8
1.0
0.75
1.0
1.0
1.0
1.0
1.0
1.0
1.0
0.75
1.0
1.0
1.0
1.0
1.0
0.8
1.0
0.6666666666666666
1.0
1.0
1.0
0.75
1.0
0.5
0.75
0.6666666666666666
0.8571428571428571
0.6666666666666666
0.8571428571428571
0.5714285714285714
1.0
0.375
1.0
1.0
1.0
0.8333333333333334
1.0
0.8333333333333334
0.8333333333333334
1.0
0.0
0.8333333333333334
0.6666666666666666
0.5
1.0
0.16666666666666666
1.0
0.8
1.0
1.0
1.0
0.8
0.7142857142857143
0.6666666666666666
1.0
1.0
1.0
1.0
1.0
0.6666666666666666
1.0
1.0
0.6666666666666666
1.0
0.8
1.0
1.0
0.75
1.0
1.0
0.5
1.0
1.0
1.0
0.8333333333333334
0.75
1.0
1.0
1.0
1.0
1.0
0.75
1.0
0.375
1.0
0.5
1.0
1.0
1.0
1.0
1.0
0.8
0.8
1.0
0.8571428571428571
0.6
0.8333333333333334
1.0
1.0
0.8333333333333334
0.8571428571428571
0.75
1.0
0.8571428571428571
0.4
0.8571428571428571
0.5
1.0
1.0
1.0
1.0
0.75
1.0
0.6
0.5714285714285714
0.8571428571428571
1.0
0.8333333333333334
0.6666666666666666
0.8
1.0
0.8333333333333334
0.8333333333333334
0.875
0.6
0.75
0.6666666666666666
0.8333333333333334
0.75
1.0
0.6
1.0
0.8571428571428571
1.0
1.0
1.0
1.0
1.0
1.0
0.8
1.0
1.0
1.0
1.0
1.0
1.0
1.0
1.0
1.0
0.8
1.0
1.0
1.0
1.0
1.0
1.0
1.0
0.8571428571428571
0.8333333333333334
0.7142857142857143
0.8333333333333334
1.0
0.8
1.0
1.0
1.0
1.0
0.8333333333333334
1.0
1.0
0.5
1.0
1.0
0.8571428571428571
1.0
0.75
1.0
1.0
1.0
0.8571428571428571
0.6666666666666666
0.6666666666666666
0.8333333333333334
1.0
0.8
0.875
0.75
1.0
1.0
1.0
0.625
1.0
0.7142857142857143
1.0
1.0
1.0
1.0
1.0
1.0
0.7142857142857143
0.625
1.0
0.8333333333333334
1.0
1.0
0.7142857142857143
0.75
1.0
0.8
1.0
0.8571428571428571
1.0
1.0
1.0
0.75
0.8333333333333334
1.0
0.6666666666666666
0.75
1.0
1.0
1.0
1.0
1.0
1.0
1.0
1.0
1.0
1.0
1.0
1.0
1.0
0.6666666666666666
0.8333333333333334
0.8571428571428571
1.0
0.3333333333333333
0.7142857142857143
0.8
0.6
1.0
1.0
0.8333333333333334
0.8571428571428571
0.6666666666666666
0.8571428571428571
1.0
0.5
0.75
1.0
0.4
1.0
0.8
1.0
0.7142857142857143
1.0
1.0
1.0
1.0
0.2
1.0
1.0
0.5714285714285714
1.0
1.0
0.8333333333333334
1.0
1.0
0.3333333333333333
1.0
0.8571428571428571
1.0
1.0
0.7142857142857143
1.0
0.5714285714285714
1.0
1.0
1.0
0.75
1.0
1.0
0.7142857142857143
0.75
0.5714285714285714
1.0
0.4
0.2
0.5
1.0
0.8333333333333334
0.8
0.42857142857142855
1.0
1.0
1.0
0.5
0.8333333333333334
0.75
0.8
0.8571428571428571
0.8333333333333334
0.6666666666666666
0.8571428571428571
0.7142857142857143
0.8571428571428571
0.375
1.0
1.0
0.7142857142857143
0.375
1.0
1.0
0.8333333333333334
0.875
0.8
0.6666666666666666
1.0
0.625
0.7142857142857143
0.8333333333333334
0.625
0.8
0.8
0.4
1.0
0.42857142857142855
0.75
0.875
1.0
0.8333333333333334
0.8
0.875
0.5
0.5
0.75
0.8571428571428571
0.6666666666666666
0.0
0.0
0.25
1.0
0.75
1.0
1.0
1.0
0.6666666666666666
0.25
0.5
0.75
1.0
0.4
0.5
1.0
0.5714285714285714
0.8
0.8
0.5
0.2857142857142857
1.0
1.0
1.0
0.6666666666666666
0.75
1.0
0.6
1.0
0.6
0.875
0.6
0.75
0.75
0.4
0.6666666666666666
1.0
1.0
1.0
1.0
1.0
1.0
0.75
0.5
1.0
1.0
0.6666666666666666
0.6666666666666666
0.75
1.0
0.0
0.5
0.75
1.0
1.0
1.0
1.0
1.0
1.0
1.0
1.0
0.75
1.0
1.0
1.0
1.0
1.0
0.6666666666666666
0.8333333333333334
1.0
1.0
0.8333333333333334
1.0
1.0
0.6666666666666666
0.6666666666666666
1.0
1.0
1.0
1.0
1.0
1.0
0.8
1.0
0.7142857142857143
1.0
1.0
1.0
1.0
1.0
1.0
0.75
1.0
1.0
1.0
1.0
1.0
1.0
0.16666666666666666
1.0
1.0
1.0
1.0
0.6666666666666666
1.0
1.0
1.0
1.0
1.0
1.0
1.0
1.0
1.0
1.0
1.0
1.0
1.0
1.0
1.0
1.0
1.0
0.6666666666666666
1.0
1.0
1.0
1.0
1.0
1.0
1.0
1.0
0.75
0.875
0.625
1.0
0.8571428571428571
0.8
0.875
0.7142857142857143
0.625
0.5
1.0
1.0
1.0
0.8571428571428571
1.0
0.8571428571428571
1.0
0.8571428571428571
1.0
0.5714285714285714
0.625
1.0
1.0
1.0
0.8333333333333334
0.16666666666666666
0.6666666666666666
1.0
1.0
0.875
1.0
0.6
1.0
0.6
1.0
0.875
1.0
1.0
1.0
1.0
1.0
0.6666666666666666
0.8571428571428571
0.625
0.7142857142857143
0.375
0.8571428571428571
1.0
1.0
0.875
1.0
0.8181818181818182
0.7777777777777778
0.5
0.8
0.6363636363636364
0.4444444444444444
0.6666666666666666
0.9
1.0
0.6666666666666666
0.6
0.7777777777777778
0.9090909090909091
0.7
0.7272727272727273
0.7777777777777778
1.0
0.8333333333333334
0.7777777777777778
0.5555555555555556
0.3333333333333333
0.75
0.6363636363636364
0.9230769230769231
0.7692307692307693
1.0
1.0
0.8888888888888888
0.6666666666666666
1.0
0.7272727272727273
1.0
0.8888888888888888
0.5
0.7777777777777778
0.8333333333333334
0.7
1.0
0.7272727272727273
1.0
0.5454545454545454
0.9090909090909091
0.8461538461538461
0.8
0.3333333333333333
0.8
0.7692307692307693
0.8888888888888888
0.8888888888888888
0.7777777777777778
0.6666666666666666
0.5555555555555556
0.9090909090909091
1.0
1.0
0.8461538461538461
0.9
0.8181818181818182
0.5833333333333334
1.0
1.0
0.4166666666666667
0.9
0.6666666666666666
0.5833333333333334
0.6153846153846154
1.0
0.7777777777777778
0.45454545454545453
0.6666666666666666
0.7272727272727273
0.8333333333333334
0.6363636363636364
0.8
0.9
1.0
0.6
1.0
0.7
0.7777777777777778
0.9
0.7272727272727273
0.7
0.6666666666666666
0.8888888888888888
0.4444444444444444
0.6666666666666666
0.5555555555555556
0.7777777777777778
0.7
0.8
0.8888888888888888
1.0
0.8888888888888888
0.9230769230769231
1.0
0.9
0.6666666666666666
0.9
0.7272727272727273
0.6363636363636364
0.7272727272727273
0.5833333333333334
0.7777777777777778
0.9230769230769231
0.6363636363636364
0.45454545454545453
0.8181818181818182
0.8888888888888888
0.46153846153846156
0.45454545454545453
0.7777777777777778
0.4
0.5555555555555556
0.6666666666666666
0.8181818181818182
0.7
0.7
1.0
0.6666666666666666
0.8888888888888888
0.75
0.8888888888888888
0.4166666666666667
0.7777777777777778
0.36363636363636365
0.7777777777777778
0.5
0.36363636363636365
0.5384615384615384
0.8461538461538461
0.5833333333333334
0.5833333333333334
0.8181818181818182
0.36363636363636365
0.38461538461538464
0.45454545454545453
0.7692307692307693
0.5833333333333334
0.7272727272727273
0.6153846153846154
0.7
0.7692307692307693
0.7272727272727273
0.4444444444444444
0.4166666666666667
0.6666666666666666
0.8
0.5384615384615384
0.8888888888888888
0.5
0.7
1.0
0.3333333333333333
0.45454545454545453
0.6153846153846154
0.4444444444444444
0.6666666666666666
0.8461538461538461
0.5454545454545454
0.45454545454545453
0.6666666666666666
0.75
0.75
0.5384615384615384
0.45454545454545453
0.8181818181818182
0.6
0.6923076923076923
0.5
0.7777777777777778
0.5555555555555556
1.0
0.6666666666666666
1.0
0.8888888888888888
0.6153846153846154
0.8181818181818182
0.8461538461538461
0.6363636363636364
0.8333333333333334
0.3076923076923077
0.9
1.0
0.4166666666666667
0.5384615384615384
1.0
0.5833333333333334
0.7272727272727273
0.9090909090909091
0.9166666666666666
0.6666666666666666
0.46153846153846156
1.0
0.7777777777777778
0.6363636363636364
0.9090909090909091
0.8181818181818182
1.0
1.0
0.9166666666666666
0.5384615384615384
0.9166666666666666
0.9166666666666666
0.5
0.3076923076923077
0.46153846153846156
0.9166666666666666
0.9230769230769231
0.9230769230769231
0.8
0.9
0.7777777777777778
0.8181818181818182
0.9090909090909091
1.0
0.8333333333333334
0.8888888888888888
0.8888888888888888
0.6153846153846154
0.8333333333333334
0.6
0.7
0.5833333333333334
0.9230769230769231
0.5
0.45454545454545453
0.6153846153846154
1.0
0.9
1.0
0.8333333333333334
0.7
0.8461538461538461
1.0
0.5
0.9166666666666666
0.4166666666666667
0.5833333333333334
1.0
0.6923076923076923
0.75
0.6
0.6153846153846154
1.0
0.5454545454545454
1.0
0.3333333333333333
0.8888888888888888
0.8888888888888888
0.75
1.0
0.7777777777777778
0.7692307692307693
0.6666666666666666
0.5833333333333334
0.9230769230769231
0.46153846153846156
0.9
0.36363636363636365
0.9090909090909091
0.45454545454545453
0.6153846153846154
1.0
0.9
0.5384615384615384
0.9
0.9166666666666666
0.46153846153846156
0.6
1.0
0.5384615384615384
0.8333333333333334
0.7777777777777778
0.9230769230769231
0.7777777777777778
1.0
0.4166666666666667
0.7272727272727273
0.36363636363636365
0.6
0.8461538461538461
0.8181818181818182
1.0
0.8
0.6666666666666666
0.8888888888888888
0.9
1.0
0.6666666666666666
0.9230769230769231
0.8888888888888888
0.4166666666666667
0.9
0.45454545454545453
0.45454545454545453
0.8888888888888888
1.0
0.5454545454545454
1.0
1.0
0.9166666666666666
0.8461538461538461
1.0
0.5
0.45454545454545453
0.6923076923076923
0.9230769230769231
0.45454545454545453
0.5833333333333334
0.7857142857142857
0.6428571428571429
0.9285714285714286
0.9333333333333333
0.29411764705882354
0.625
0.7857142857142857
0.7142857142857143
0.5714285714285714
0.4666666666666667
0.8235294117647058
0.6666666666666666
0.6428571428571429
0.6666666666666666
0.6875
0.9285714285714286
0.4375
0.7333333333333333
0.7857142857142857
0.5
0.5714285714285714
0.5625
0.7142857142857143
0.6875
0.3333333333333333
0.5714285714285714
0.5294117647058824
0.4375
0.7333333333333333
0.8
0.75
0.8888888888888888
0.5294117647058824
0.6428571428571429
0.4375
0.8571428571428571
1.0
0.7142857142857143
0.7777777777777778
0.4666666666666667
0.6
0.42857142857142855
0.6
0.7333333333333333
0.5714285714285714
0.6666666666666666
0.7142857142857143
0.5714285714285714
0.7142857142857143
0.8
0.7222222222222222
0.5333333333333333
0.42857142857142855
0.7058823529411765
0.7647058823529411
0.6875
0.5333333333333333
0.6470588235294118
0.8571428571428571
0.8666666666666667
0.875
0.6111111111111112
0.8571428571428571
0.7777777777777778
0.6428571428571429
0.5714285714285714
0.35714285714285715
0.9411764705882353
0.7142857142857143
0.9333333333333333
0.5294117647058824
0.5714285714285714
0.3888888888888889
0.5
0.9285714285714286
0.3125
0.8666666666666667
0.7222222222222222
0.8
1.0
0.625
0.7142857142857143
0.8666666666666667
0.8125
0.35714285714285715
0.8666666666666667
0.9285714285714286
0.7142857142857143
0.9285714285714286
0.6
0.9375
0.6666666666666666
0.9333333333333333
0.7333333333333333
0.9333333333333333
0.7647058823529411
0.9411764705882353
0.8666666666666667
0.8888888888888888
0.6875
0.6428571428571429
0.9333333333333333
0.8823529411764706
0.875
0.6428571428571429
0.8666666666666667
0.5714285714285714
0.9333333333333333
0.8
0.6428571428571429
0.6
0.7058823529411765
0.6428571428571429
1.0
0.42857142857142855
0.7333333333333333
0.7142857142857143
0.75
0.9411764705882353
0.875
1.0
0.8666666666666667
0.625
1.0
0.9375
0.5333333333333333
0.5882352941176471
1.0
0.4666666666666667
0.6666666666666666
0.8
0.7857142857142857
0.47058823529411764
0.8571428571428571
1.0
0.5882352941176471
0.47058823529411764
0.7857142857142857
0.6666666666666666
0.5333333333333333
0.6470588235294118
0.75
0.7777777777777778
0.9285714285714286
0.5
0.8235294117647058
0.5714285714285714
0.8125
0.8571428571428571
0.6428571428571429
0.8666666666666667
0.8666666666666667
0.8235294117647058
0.9285714285714286
0.9285714285714286
0.6666666666666666
0.9444444444444444
0.7894736842105263
0.7368421052631579
0.47619047619047616
0.75
0.5
0.5263157894736842
0.65
0.38095238095238093
0.8
0.6190476190476191
0.23809523809523808
0.7894736842105263
0.7142857142857143
0.6666666666666666
0.8947368421052632
0.9473684210526315
0.2631578947368421
0.7727272727272727
0.5789473684210527
0.7894736842105263
0.8947368421052632
0.7619047619047619
0.9473684210526315
0.9473684210526315
0.9047619047619048
0.631578947368421
0.9565217391304348
0.55
0.7894736842105263
0.7368421052631579
0.5
0.5
0.5384615384615384
0.4074074074074074
